10 0.0
20 0.0
30 0.0
40 0.001003265380859375
50 0.0
60 0.0
70 0.0009992122650146484
80 0.0
90 0.0009980201721191406
100 0.0
110 0.0010001659393310547
120 0.0010027885437011719
130 0.0009968280792236328
140 0.0010006427764892578
150 0.001001119613647461
160 0.0009992122650146484
170 0.0010001659393310547
180 0.0010001659393310547
190 0.0019998550415039062
200 0.002000093460083008
210 0.002001523971557617
220 0.0020024776458740234
230 0.0029959678649902344
240 0.002002716064453125
250 0.0029981136322021484
260 0.003000020980834961
270 0.0020008087158203125
280 0.0029959678649902344
290 0.0029997825622558594
300 0.003000974655151367
310 0.003999948501586914
320 0.004003047943115234
330 0.003999233245849609
340 0.00400090217590332
350 0.0039975643157958984
360 0.004004240036010742
370 0.00499725341796875
380 0.003999471664428711
390 0.0040013790130615234
400 0.004000425338745117
410 0.0030012130737304688
420 0.0049991607666015625
430 0.0060002803802490234
440 0.00500178337097168
450 0.004999637603759766
460 0.004999637603759766
470 0.007002592086791992
480 0.00599980354309082
490 0.0050008296966552734
500 0.004998922348022461
510 0.0050013065338134766
520 0.005002260208129883
530 0.005000591278076172
540 0.004997730255126953
550 0.0050008296966552734
560 0.005002737045288086
570 0.004998445510864258
580 0.005001068115234375
590 0.004998922348022461
600 0.004998445510864258
610 0.006000041961669922
620 0.007004976272583008
630 0.0069963932037353516
640 0.007001161575317383
650 0.009003162384033203
660 0.010000228881835938
670 0.008999824523925781
680 0.00899958610534668
690 0.009001493453979492
700 0.0070018768310546875
710 0.008001565933227539
720 0.009000778198242188
730 0.00999760627746582
740 0.009000778198242188
750 0.008000612258911133
760 0.007000446319580078
770 0.007000446319580078
780 0.008000612258911133
790 0.008000612258911133
800 0.011001110076904297
810 0.011001348495483398
820 0.01100015640258789
830 0.01000070571899414
840 0.01000070571899414
850 0.01114511489868164
860 0.009001970291137695
870 0.007999897003173828
880 0.00800466537475586
890 0.007999420166015625
900 0.009001016616821289
910 0.01000070571899414
920 0.011000871658325195
930 0.012001276016235352
940 0.012000322341918945
950 0.012000799179077148
960 0.012001276016235352
970 0.011000633239746094
980 0.010995864868164062
990 0.011000871658325195
1000 0.012003898620605469
1010 0.010997772216796875
1020 0.010999917984008789
1030 0.012000799179077148
1040 0.014002561569213867
1050 0.012999773025512695
1060 0.012000322341918945
1070 0.01200103759765625
1080 0.012002229690551758
1090 0.011999130249023438
1100 0.012001514434814453
1110 0.011999368667602539
1120 0.01200246810913086
1130 0.012999534606933594
1140 0.01400136947631836
1150 0.013000726699829102
1160 0.013001203536987305
1170 0.013004064559936523
1180 0.01700115203857422
1190 0.015999317169189453
1200 0.014000177383422852
1210 0.01400136947631836
1220 0.014000415802001953
1230 0.020001888275146484
1240 0.015001296997070312
1250 0.013001680374145508
1260 0.01499629020690918
1270 0.014998435974121094
1280 0.01400303840637207
1290 0.01400136947631836
1300 0.014002561569213867
1310 0.0020542144775390625
1320 0.02574467658996582
1330 0.010091066360473633
1340 0.015630006790161133
1350 0.015627622604370117
1360 0.01562952995300293
1370 0.015630483627319336
1380 0.01562952995300293
1390 0.030692577362060547
1400 0.02900409698486328
1410 0.024999618530273438
1420 0.026001930236816406
1430 0.02600240707397461
1440 0.015052080154418945
1450 0.015624761581420898
1460 0.029075145721435547
1470 0.02100205421447754
1480 0.025002002716064453
1490 0.026001930236816406
1500 0.022001028060913086
1510 0.02011847496032715
1520 0.02500176429748535
1530 0.0240020751953125
1540 0.020003080368041992
1550 0.022000789642333984
1560 0.024999618530273438
1570 0.016000986099243164
1580 0.018001556396484375
1590 0.006727457046508789
1600 0.03583574295043945
1610 0.02200150489807129
1620 0.020001888275146484
1630 0.005311250686645508
1640 0.035137176513671875
1650 0.022996187210083008
1660 0.02600240707397461
1670 0.028003215789794922
1680 0.01900196075439453
1690 0.019007205963134766
1700 0.018003225326538086
1710 0.018284320831298828
1720 0.019004106521606445
1730 0.022999286651611328
1740 0.02300429344177246
1750 0.024999380111694336
1760 0.021001577377319336
1770 0.021001577377319336
1780 0.028002500534057617
1790 0.02600550651550293
1800 0.027006149291992188
1810 0.022994041442871094
1820 0.028003215789794922
1830 0.02300238609313965
1840 0.02500009536743164
1850 0.02700185775756836
1860 0.020002365112304688
1870 0.028002262115478516
1880 0.023453950881958008
1890 0.02759265899658203
1900 0.0260007381439209
1910 0.02900409698486328
1920 0.029000520706176758
1930 0.027001619338989258
1940 0.024816036224365234
1950 0.015629053115844727
1960 0.03125715255737305
1970 0.037633657455444336
1980 0.03125405311584473
1990 0.031259775161743164
2000 0.031258583068847656
2010 0.04616737365722656
2020 0.031000375747680664
2030 0.03400230407714844
2040 0.027367591857910156
2050 0.03125643730163574
2060 0.03125905990600586
2070 0.046889543533325195
2080 0.03125953674316406
2090 0.015630006790161133
2100 0.0438838005065918
2110 0.0520021915435791
2120 0.08201003074645996
2130 0.07154607772827148
2140 0.051001548767089844
2150 0.04102206230163574
2160 0.05821084976196289
2170 0.036002159118652344
2180 0.036002397537231445
2190 0.035683631896972656
2200 0.03125596046447754
2210 0.031258344650268555
2220 0.03126096725463867
2230 0.03126168251037598
2240 0.04128217697143555
2250 0.04930758476257324
2260 0.0340578556060791
2270 0.037994384765625
2280 0.037001848220825195
2290 0.02482748031616211
2300 0.03125476837158203
2310 0.03126215934753418
2320 0.03125810623168945
2330 0.04688858985900879
2340 0.03125929832458496
2350 0.03126215934753418
2360 0.031260013580322266
2370 0.046301841735839844
2380 0.036005258560180664
2390 0.041001319885253906
2400 0.0330042839050293
2410 0.02491927146911621
2420 0.04688906669616699
2430 0.04227423667907715
2440 0.03800344467163086
2450 0.02270054817199707
2460 0.05135822296142578
2470 0.039000511169433594
2480 0.03900337219238281
2490 0.02051687240600586
2500 0.04809069633483887
2510 0.03300142288208008
2520 0.03336286544799805
2530 0.03479719161987305
2540 0.03300285339355469
2550 0.03366589546203613
2560 0.03126025199890137
2570 0.031258344650268555
2580 0.031258344650268555
2590 0.0468902587890625
2600 0.04688858985900879
2610 0.06200003623962402
2620 0.0468904972076416
2630 0.05511212348937988
2640 0.05400252342224121
2650 0.05700564384460449
2660 0.04800581932067871
2670 0.04900002479553223
2680 0.04700112342834473
2690 0.04900312423706055
2700 0.0480036735534668
2710 0.04600405693054199
2720 0.050005435943603516
2730 0.037001848220825195
2740 0.040001869201660156
2750 0.035002946853637695
2760 0.04100441932678223
2770 0.04200243949890137
2780 0.03800225257873535
2790 0.038002729415893555
2800 0.040003299713134766
2810 0.04600214958190918
2820 0.03900265693664551
2830 0.04200387001037598
2840 0.046001434326171875
2850 0.04700303077697754
2860 0.045004844665527344
2870 0.04199981689453125
2880 0.04600334167480469
2890 0.046003103256225586
2900 0.04000043869018555
2910 0.04300427436828613
2920 0.0362396240234375
2930 0.05100131034851074
2940 0.040128469467163086
2950 0.04300332069396973
2960 0.03900313377380371
2970 0.04400229454040527
2980 0.038002729415893555
2990 0.047003746032714844
3000 0.045003414154052734
3010 0.04200410842895508
3020 0.040003061294555664
3030 0.035002708435058594
3040 0.041002511978149414
3050 0.049859046936035156
3060 0.03900289535522461
3070 0.03462696075439453
3080 0.059027910232543945
3090 0.05400395393371582
3100 0.046003103256225586
3110 0.045003414154052734
3120 0.03900456428527832
3130 0.03865480422973633
3140 0.05227971076965332
3150 0.048002004623413086
3160 0.050255775451660156
3170 0.04706454277038574
3180 0.05700492858886719
3190 0.04900050163269043
3200 0.04469013214111328
3210 0.06251811981201172
3220 0.05542325973510742
3230 0.03700375556945801
3240 0.047007083892822266
3250 0.055999040603637695
3260 0.06000471115112305
3270 0.07300543785095215
3280 0.06500530242919922
3290 0.05100297927856445
3300 0.05300474166870117
3310 0.0500030517578125
3320 0.059004783630371094
3330 0.04900503158569336
3340 0.05900382995605469
3350 0.047002553939819336
3360 0.045003414154052734
3370 0.04600358009338379
3380 0.05700492858886719
3390 0.0441136360168457
3400 0.04688549041748047
3410 0.04688858985900879
3420 0.06252002716064453
3430 0.0468904972076416
3440 0.046887874603271484
3450 0.04688906669616699
3460 0.06251931190490723
3470 0.06334996223449707
3480 0.05930376052856445
3490 0.06455731391906738
3500 0.05007648468017578
3510 0.06251740455627441
3520 0.04689431190490723
3530 0.0609738826751709
3540 0.04367423057556152
3550 0.046890974044799805
3560 0.05556011199951172
3570 0.035242557525634766
3580 0.0625154972076416
3590 0.0369565486907959
3600 0.06251788139343262
3610 0.046886444091796875
3620 0.0468900203704834
3630 0.0468904972076416
3640 0.06251835823059082
3650 0.06251740455627441
3660 0.06265687942504883
3670 0.040198564529418945
3680 0.06252002716064453
3690 0.05524420738220215
3700 0.06251788139343262
3710 0.06252026557922363
3720 0.07088541984558105
3730 0.05100417137145996
3740 0.05600404739379883
3750 0.05400419235229492
3760 0.05600547790527344
3770 0.04500293731689453
3780 0.047003746032714844
3790 0.04464888572692871
3800 0.046888113021850586
3810 0.07177615165710449
3820 0.047002553939819336
3830 0.05200505256652832
3840 0.06700611114501953
3850 0.06000351905822754
3860 0.061004638671875
3870 0.054003000259399414
3880 0.055004119873046875
3890 0.07300662994384766
3900 0.05200314521789551
3910 0.055004119873046875
3920 0.05400681495666504
3930 0.05400347709655762
3940 0.054006099700927734
3950 0.05500197410583496
3960 0.05400419235229492
3970 0.047618865966796875
3980 0.04688739776611328
3990 0.06251716613769531
4000 0.04688882827758789
4010 0.08279967308044434
4020 0.060674190521240234
4030 0.06252145767211914
4040 0.06251692771911621
4050 0.06251931190490723
4060 0.06060910224914551
4070 0.047118186950683594
4080 0.06251692771911621
4090 0.06251835823059082
4100 0.05924844741821289
4110 0.04893660545349121
4120 0.06286072731018066
4130 0.04654645919799805
4140 0.06251931190490723
4150 0.06249737739562988
4160 0.0664055347442627
4170 0.07814693450927734
4180 0.07275199890136719
4190 0.06251835823059082
4200 0.07814836502075195
4210 0.046889543533325195
4220 0.07814884185791016
4230 0.05186915397644043
4240 0.0625145435333252
4250 0.06251931190490723
4260 0.05829811096191406
4270 0.0625145435333252
4280 0.06251931190490723
4290 0.06252264976501465
4300 0.0625145435333252
4310 0.08155488967895508
4320 0.0650944709777832
4330 0.06892013549804688
4340 0.049668312072753906
4350 0.06251859664916992
4360 0.06251883506774902
4370 0.06252145767211914
4380 0.06251716613769531
4390 0.0815274715423584
4400 0.05059075355529785
4410 0.06513571739196777
4420 0.05404829978942871
4430 0.06251358985900879
4440 0.06251955032348633
4450 0.06252193450927734
4460 0.06251668930053711
4470 0.06252050399780273
4480 0.06540465354919434
4490 0.07004332542419434
4500 0.05204486846923828
4510 0.09377479553222656
4520 0.07814955711364746
4530 0.07817339897155762
4540 0.0781254768371582
4550 0.08766984939575195
4560 0.0679314136505127
4570 0.06101822853088379
4580 0.06251096725463867
4590 0.06293439865112305
4600 0.06232643127441406
4610 0.06230878829956055
4620 0.06249237060546875
4630 0.08690738677978516
4640 0.06832480430603027
4650 0.07814955711364746
4660 0.07814741134643555
4670 0.06252169609069824
4680 0.07814741134643555
4690 0.07814621925354004
4700 0.06688499450683594
4710 0.07231616973876953
4720 0.06254076957702637
4730 0.06249856948852539
4740 0.06251668930053711
4750 0.06252598762512207
4760 0.06251406669616699
4770 0.0906209945678711
4780 0.06544828414916992
4790 0.08114814758300781
4800 0.09377694129943848
4810 0.09378218650817871
4820 0.07814550399780273
4830 0.06251811981201172
4840 0.07376646995544434
4850 0.06563472747802734
4860 0.0625312328338623
4870 0.06253790855407715
4880 0.07812118530273438
4890 0.07814717292785645
4900 0.06251764297485352
4910 0.09034347534179688
4920 0.06774473190307617
4930 0.07814598083496094
4940 0.06251788139343262
4950 0.07814812660217285
4960 0.06252241134643555
4970 0.0625150203704834
4980 0.07291173934936523
4990 0.07816624641418457
