10 0.0
20 0.0
30 0.0
40 0.0
50 0.0
60 0.0
70 0.0
80 0.0
90 0.0
100 0.0
110 0.0
120 0.008002281188964844
130 0.0
140 0.0
150 0.0
160 0.008002042770385742
170 0.0
180 0.008001565933227539
190 0.0
200 0.008002519607543945
210 0.0
220 0.008002042770385742
230 0.0
240 0.0
250 0.016004085540771484
260 0.008001565933227539
270 0.008002281188964844
280 0.008002042770385742
290 0.00800180435180664
300 0.00800180435180664
310 0.009851932525634766
320 0.01599884033203125
330 0.011782646179199219
340 0.008001327514648438
350 0.016004562377929688
360 0.008001565933227539
370 0.016003847122192383
380 0.008002042770385742
390 0.016003847122192383
400 0.016004562377929688
410 0.01600360870361328
420 0.02583146095275879
430 0.016004085540771484
440 0.02432537078857422
450 0.016004085540771484
460 0.025893688201904297
470 0.025555849075317383
480 0.016391515731811523
490 0.024006128311157227
500 0.03200888633728027
510 0.024005413055419922
520 0.024005651473999023
530 0.024005889892578125
540 0.024006366729736328
550 0.03788399696350098
560 0.03843355178833008
570 0.04000973701477051
580 0.02400684356689453
590 0.024129390716552734
600 0.02439737319946289
610 0.03475379943847656
620 0.03173685073852539
630 0.04002523422241211
640 0.03502917289733887
650 0.03450369834899902
660 0.048012495040893555
670 0.04247903823852539
680 0.04472708702087402
690 0.04800748825073242
700 0.05601668357849121
710 0.048010826110839844
720 0.04801058769226074
730 0.04456615447998047
740 0.05601239204406738
750 0.048013925552368164
760 0.05601310729980469
770 0.06401586532592773
780 0.05601382255554199
790 0.05602431297302246
800 0.07200884819030762
810 0.05768132209777832
820 0.06401228904724121
830 0.06402230262756348
840 0.06400465965270996
850 0.06721758842468262
860 0.06252050399780273
870 0.06425189971923828
880 0.0625309944152832
890 0.06274104118347168
900 0.06682729721069336
910 0.07831525802612305
920 0.07570219039916992
930 0.07799482345581055
940 0.0727376937866211
950 0.07929587364196777
960 0.06429243087768555
970 0.0828249454498291
980 0.07792234420776367
990 0.09373664855957031
1000 0.09370660781860352
1010 0.07303643226623535
1020 0.10502004623413086
1030 0.09610223770141602
1040 0.10903167724609375
1050 0.1098167896270752
1060 0.08716607093811035
1070 0.09702706336975098
1080 0.12099432945251465
1090 0.10328412055969238
1100 0.0937802791595459
1110 0.11114239692687988
1120 0.12728071212768555
1130 0.12554621696472168
1140 0.10210776329040527
1150 0.11130213737487793
1160 0.12057995796203613
1170 0.10962653160095215
1180 0.14108729362487793
1190 0.10899996757507324
1200 0.13344836235046387
1210 0.15652084350585938
1220 0.14085602760314941
1230 0.17873001098632812
1240 0.1465451717376709
1250 0.15666794776916504
1260 0.12471818923950195
1270 0.1617906093597412
1280 0.1554555892944336
1290 0.14052844047546387
1300 0.138136625289917
1310 0.16559743881225586
1320 0.1583099365234375
1330 0.15118622779846191
1340 0.19443511962890625
1350 0.18735432624816895
1360 0.17504119873046875
1370 0.18004226684570312
1380 0.17191839218139648
1390 0.20931196212768555
1400 0.17408370971679688
1410 0.1875452995300293
1420 0.20104098320007324
1430 0.20514631271362305
1440 0.23166656494140625
1450 0.20499396324157715
1460 0.1885697841644287
1470 0.1700587272644043
1480 0.20543217658996582
1490 0.2149639129638672
1500 0.22035503387451172
1510 0.21727395057678223
1520 0.22136926651000977
1530 0.20585346221923828
1540 0.2456519603729248
1550 0.20907378196716309
1560 0.2270047664642334
1570 0.2030041217803955
1580 0.23561763763427734
1590 0.21891522407531738
1600 0.21681952476501465
1610 0.2836344242095947
1620 0.21597027778625488
1630 0.2973613739013672
1640 0.32391810417175293
1650 0.31384992599487305
1660 0.3085291385650635
1670 0.25106000900268555
1680 0.23381423950195312
1690 0.25109314918518066
1700 0.26212430000305176
1710 0.2736368179321289
1720 0.2605781555175781
1730 0.28734469413757324
1740 0.2758979797363281
1750 0.26939940452575684
1760 0.28327155113220215
1770 0.3039734363555908
1780 0.2990593910217285
1790 0.28945231437683105
1800 0.3243575096130371
1810 0.314486026763916
1820 0.2941737174987793
1830 0.28052711486816406
1840 0.3236048221588135
1850 0.3015913963317871
1860 0.4061148166656494
1870 0.3297915458679199
1880 0.29741716384887695
1890 0.3287174701690674
1900 0.3650805950164795
1910 0.3516688346862793
1920 0.34426355361938477
1930 0.3269155025482178
1940 0.3461174964904785
1950 0.33158087730407715
1960 0.3773953914642334
1970 0.3612935543060303
1980 0.3457670211791992
1990 0.3935580253601074
2000 0.36709117889404297
2010 0.39057135581970215
2020 0.3506157398223877
2030 0.3799419403076172
2040 0.41808056831359863
2050 0.40830564498901367
2060 0.433915376663208
2070 0.45321059226989746
2080 0.41332125663757324
2090 0.44564223289489746
2100 0.39252257347106934
2110 0.44931745529174805
2120 0.40790891647338867
2130 0.4691283702850342
2140 0.47562599182128906
2150 0.47884416580200195
2160 0.43938493728637695
2170 0.48766636848449707
2180 0.4011855125427246
2190 0.4492969512939453
2200 0.5312273502349854
2210 0.45276832580566406
2220 0.48031187057495117
2230 0.4293649196624756
2240 0.5564126968383789
2250 0.5494518280029297
2260 0.48435378074645996
2270 0.48804306983947754
2280 0.5431408882141113
2290 0.467451810836792
2300 0.5649893283843994
2310 0.496962308883667
2320 0.5499639511108398
2330 0.4817626476287842
2340 0.5019853115081787
2350 0.5334749221801758
2360 0.6304676532745361
2370 0.5655252933502197
2380 0.5436990261077881
2390 0.5684144496917725
2400 0.5343344211578369
2410 0.5591132640838623
2420 0.5304462909698486
2430 0.5780794620513916
2440 0.6297938823699951
2450 0.5884106159210205
2460 0.5793745517730713
2470 0.576918363571167
2480 0.5775706768035889
2490 0.5717823505401611
2500 0.5774126052856445
2510 0.5619068145751953
2520 0.5796434879302979
2530 0.6771693229675293
2540 0.6261060237884521
2550 0.5947291851043701
2560 0.6457009315490723
2570 0.5850532054901123
2580 0.6746454238891602
2590 0.649517297744751
2600 0.6319880485534668
2610 0.7152194976806641
2620 0.6825699806213379
2630 0.6294162273406982
2640 0.6653075218200684
2650 0.659198522567749
2660 0.7062180042266846
2670 0.6667468547821045
2680 0.6930668354034424
2690 0.7860264778137207
2700 0.7017347812652588
2710 0.6825406551361084
2720 0.6901123523712158
2730 0.7302629947662354
2740 0.705939531326294
2750 0.7468893527984619
2760 0.7047100067138672
2770 0.7755839824676514
2780 0.7284443378448486
2790 0.7850213050842285
2800 0.7569518089294434
2810 0.8074319362640381
2820 0.7556068897247314
2830 0.7627413272857666
2840 0.7726078033447266
2850 0.9005069732666016
2860 0.8112475872039795
2870 0.7962486743927002
2880 0.885474681854248
2890 0.8173418045043945
2900 0.7455065250396729
2910 0.878960132598877
2920 0.830618143081665
2930 0.8522686958312988
2940 0.8477087020874023
2950 0.8173539638519287
2960 0.8211109638214111
2970 0.8767256736755371
2980 0.8438870906829834
2990 0.9725089073181152
3000 0.9113879203796387
3010 0.9062154293060303
3020 0.9267928600311279
3030 0.8745431900024414
3040 0.8968825340270996
3050 0.8884458541870117
3060 0.8690569400787354
3070 0.9067378044128418
3080 1.0353398323059082
3090 0.9854788780212402
3100 0.9315156936645508
3110 0.9523587226867676
3120 1.0158402919769287
3130 1.00571870803833
3140 0.9307787418365479
3150 1.0015242099761963
3160 0.9827125072479248
3170 0.9706392288208008
3180 0.9985237121582031
3190 1.0133707523345947
3200 0.999413251876831
3210 0.9983005523681641
3220 0.9652175903320312
3230 0.9842314720153809
3240 1.0020432472229004
3250 0.9772219657897949
3260 1.1190974712371826
3270 1.0632400512695312
3280 1.0133867263793945
3290 1.0462093353271484
3300 1.0156912803649902
3310 1.108835220336914
3320 1.057185411453247
3330 1.3765869140625
3340 1.0729544162750244
3350 1.1248350143432617
3360 1.1487700939178467
3370 1.093200922012329
3380 1.1107141971588135
3390 1.1062450408935547
3400 1.0788578987121582
3410 1.1254804134368896
3420 1.151468276977539
3430 1.150052785873413
3440 1.2229435443878174
3450 1.129612922668457
3460 1.147904634475708
3470 1.1167256832122803
3480 1.1419386863708496
3490 1.1759564876556396
3500 1.2059695720672607
3510 1.2788116931915283
3520 1.2263991832733154
3530 1.2311692237854004
3540 1.2210662364959717
3550 1.2028532028198242
3560 1.2345890998840332
3570 1.240450143814087
3580 1.2044868469238281
3590 1.2590656280517578
3600 1.2756106853485107
3610 1.2588286399841309
3620 1.2634685039520264
3630 1.2290923595428467
3640 1.2591180801391602
3650 1.3114006519317627
3660 1.3492958545684814
3670 1.4056408405303955
3680 1.4309725761413574
3690 1.350661039352417
3700 1.4307987689971924
3710 1.4057650566101074
3720 1.3204982280731201
3730 1.3596603870391846
3740 1.3873755931854248
3750 1.2912280559539795
3760 1.300633192062378
3770 1.378934621810913
3780 1.3226361274719238
3790 1.3828206062316895
3800 1.466966152191162
3810 1.3679943084716797
3820 1.4069559574127197
3830 1.5402419567108154
3840 1.5209836959838867
3850 1.6756370067596436
3860 1.6007766723632812
3870 1.5324771404266357
3880 1.5843620300292969
3890 1.5576198101043701
3900 1.5215520858764648
3910 1.655196189880371
3920 1.5307817459106445
3930 1.5979673862457275
3940 1.4604370594024658
3950 1.5111925601959229
3960 1.4956321716308594
3970 1.614248514175415
3980 1.4839375019073486
3990 1.5744743347167969
4000 1.4778869152069092
4010 1.5562291145324707
4020 1.5906944274902344
4030 1.5802853107452393
4040 1.6195039749145508
4050 1.6238141059875488
4060 1.6204755306243896
4070 1.6360266208648682
4080 1.5771725177764893
4090 1.6594364643096924
4100 1.5915629863739014
4110 1.7738673686981201
4120 1.8691985607147217
4130 1.8288092613220215
4140 1.6926023960113525
4150 1.7570350170135498
4160 1.7528457641601562
4170 1.614668369293213
4180 1.6598927974700928
4190 1.724123477935791
4200 1.735666275024414
4210 1.6533944606781006
4220 1.7488269805908203
4230 1.7166385650634766
4240 1.7460741996765137
4250 1.7477259635925293
4260 1.8109195232391357
4270 1.8296525478363037
4280 1.8167848587036133
4290 1.772697925567627
4300 1.9315381050109863
4310 1.8611640930175781
4320 1.738863468170166
4330 1.754103422164917
4340 1.7655041217803955
4350 1.8474247455596924
4360 1.8779637813568115
4370 1.8638296127319336
4380 1.8907034397125244
4390 1.8442718982696533
4400 1.900904655456543
4410 1.8274714946746826
4420 1.8877983093261719
4430 1.819056510925293
4440 1.9413576126098633
4450 1.9002861976623535
4460 1.9771792888641357
4470 1.9341859817504883
4480 2.050593376159668
4490 2.003298759460449
4500 2.0220282077789307
4510 2.499518632888794
4520 2.1039535999298096
4530 2.012843370437622
4540 1.99072265625
4550 2.0954341888427734
4560 2.0734517574310303
4570 2.0389914512634277
4580 2.174241065979004
4590 2.05846905708313
4600 2.0946552753448486
4610 2.1444029808044434
4620 2.0478973388671875
4630 2.0952887535095215
4640 2.113093852996826
4650 2.170417070388794
4660 2.1893393993377686
4670 2.0741748809814453
4680 2.1330959796905518
4690 2.24971342086792
4700 2.1406452655792236
4710 2.1663684844970703
4720 2.2014236450195312
4730 2.193225860595703
4740 2.206336259841919
4750 2.2750046253204346
4760 2.2031469345092773
4770 2.206559181213379
4780 2.2326107025146484
4790 2.4153568744659424
4800 2.408113479614258
4810 2.4254775047302246
4820 2.3483541011810303
4830 2.4234988689422607
4840 2.3183469772338867
4850 2.331505298614502
4860 2.5133872032165527
4870 2.3694405555725098
4880 2.3678996562957764
4890 2.381254196166992
4900 2.3273773193359375
4910 2.4911084175109863
4920 2.3164286613464355
4930 2.382863759994507
4940 2.336505174636841
4950 2.449298143386841
4960 2.4471054077148438
4970 2.379241704940796
4980 2.366550922393799
4990 2.36995267868042
