10 0.0
20 0.0
30 0.0
40 0.0
50 0.0
60 0.0
70 0.0
80 0.0
90 0.0
100 0.0
110 0.0
120 0.0
130 0.0
140 0.0
150 0.0
160 0.0
170 0.0
180 0.016135692596435547
190 0.000997304916381836
200 0.000997781753540039
210 0.0
220 0.0009987354278564453
230 0.0010004043579101562
240 0.0010020732879638672
250 0.0010020732879638672
260 0.000997304916381836
270 0.0019989013671875
280 0.0010027885437011719
290 0.0010004043579101562
300 0.0010051727294921875
310 0.0009932518005371094
320 0.0020008087158203125
330 0.0019991397857666016
340 0.0010006427764892578
350 0.0009982585906982422
360 0.0020003318786621094
370 0.001003265380859375
380 0.0019989013671875
390 0.0020017623901367188
400 0.0010039806365966797
410 0.0014867782592773438
420 0.0
430 0.0
440 0.0
450 0.0
460 0.0
470 0.0
480 0.015629053115844727
490 0.003854513168334961
500 0.002002239227294922
510 0.0030007362365722656
520 0.001999378204345703
530 0.0019996166229248047
540 0.0020024776458740234
550 0.0029973983764648438
560 0.004000663757324219
570 0.0030012130737304688
580 0.001997709274291992
590 0.0030002593994140625
600 0.003000974655151367
610 0.0013532638549804688
620 0.0
630 0.0
640 0.0
650 0.015627145767211914
660 0.0
670 0.0
680 0.012399673461914062
690 0.004001140594482422
700 0.003999233245849609
710 0.00400233268737793
720 0.004999399185180664
730 0.005004405975341797
740 0.0039958953857421875
750 0.004001140594482422
760 0.004002094268798828
770 0.00599980354309082
780 0.004999399185180664
790 0.003998994827270508
800 0.006002187728881836
810 0.004998683929443359
820 0.006001472473144531
830 0.005000591278076172
840 0.005999565124511719
850 0.0029993057250976562
860 0.005000591278076172
870 0.0030007362365722656
880 0.004000186920166016
890 0.004001617431640625
900 0.003998756408691406
910 0.004000663757324219
920 0.005000114440917969
930 0.003999948501586914
940 0.0050008296966552734
950 0.004000663757324219
960 0.004999637603759766
970 0.004000663757324219
980 0.003487110137939453
990 0.0
1000 0.0
1010 0.015625953674316406
1020 0.0
1030 0.0
1040 0.015630722045898438
1050 0.0
1060 0.0
1070 0.01562952995300293
1080 0.0
1090 0.015630722045898438
1100 0.0
1110 0.0
1120 0.01563096046447754
1130 0.0
1140 0.015627145767211914
1150 0.0
1160 0.015633583068847656
1170 0.0
1180 0.0
1190 0.01562643051147461
1200 0.0
1210 0.01562976837158203
1220 0.0
1230 0.015629053115844727
1240 0.0
1250 0.015631437301635742
1260 0.0
1270 0.01562809944152832
1280 0.0
1290 0.0
1300 0.015630006790161133
1310 0.01318979263305664
1320 0.009998559951782227
1330 0.010003328323364258
1340 0.00699925422668457
1350 0.008000373840332031
1360 0.007998943328857422
1370 0.009000301361083984
1380 0.009000062942504883
1390 0.007000923156738281
1400 0.006999969482421875
1410 0.007999420166015625
1420 0.009000778198242188
1430 0.009000062942504883
1440 0.00700068473815918
1450 0.009001731872558594
1460 0.010665655136108398
1470 0.0
1480 0.015629053115844727
1490 0.0
1500 0.015626907348632812
1510 0.0
1520 0.015632152557373047
1530 0.0
1540 0.015629291534423828
1550 0.015630483627319336
1560 0.01562809944152832
1570 0.0
1580 0.01562952995300293
1590 0.015632152557373047
1600 0.01562952995300293
1610 0.0
1620 0.015628814697265625
1630 0.0
1640 0.01563096046447754
1650 0.015630245208740234
1660 0.014851808547973633
1670 0.010996341705322266
1680 0.011000633239746094
1690 0.013002872467041016
1700 0.013000965118408203
1710 0.015999555587768555
1720 0.013001203536987305
1730 0.0018398761749267578
1740 0.015625476837158203
1750 0.01562952995300293
1760 0.015631914138793945
1770 0.0
1780 0.01562952995300293
1790 0.015628576278686523
1800 0.015631914138793945
1810 0.01563096046447754
1820 0.0
1830 0.01562666893005371
1840 0.015628814697265625
1850 0.024199247360229492
1860 0.013001203536987305
1870 0.015001058578491211
1880 0.006244659423828125
1890 0.02236175537109375
1900 0.01200246810913086
1910 0.018999814987182617
1920 0.015002965927124023
1930 0.017002105712890625
1940 0.013998985290527344
1950 0.01199960708618164
1960 0.012001752853393555
1970 0.013000726699829102
1980 0.010000228881835938
1990 0.013000965118408203
2000 0.014002799987792969
2010 0.017000436782836914
2020 0.013001203536987305
2030 0.012000560760498047
2040 0.013001203536987305
2050 0.018000125885009766
2060 0.015001058578491211
2070 0.014004945755004883
2080 0.011996984481811523
2090 0.015001296997070312
2100 0.013000965118408203
2110 0.015001773834228516
2120 0.019001483917236328
2130 0.0149993896484375
2140 0.012001276016235352
2150 0.011001348495483398
2160 0.012000560760498047
2170 0.013001203536987305
2180 0.016000986099243164
2190 0.02000570297241211
2200 0.014999866485595703
2210 0.01499795913696289
2220 0.01400136947631836
2230 0.01500082015991211
2240 0.016001462936401367
2250 0.016002178192138672
2260 0.017000198364257812
2270 0.018001556396484375
2280 0.01699995994567871
2290 0.014002799987792969
2300 0.014000892639160156
2310 0.01800251007080078
2320 0.017999649047851562
2330 0.01700139045715332
2340 0.01600360870361328
2350 0.013002157211303711
2360 0.014001846313476562
2370 0.019001007080078125
2380 0.018999338150024414
2390 0.017002105712890625
2400 0.01801443099975586
2410 0.018987178802490234
2420 0.020000457763671875
2430 0.019003868103027344
2440 0.018997907638549805
2450 0.015001058578491211
2460 0.018001079559326172
2470 0.019002914428710938
2480 0.023335933685302734
2490 0.02172994613647461
2500 0.01900005340576172
2510 0.017002344131469727
2520 0.016000986099243164
2530 0.058327436447143555
2540 0.023001432418823242
2550 0.01700139045715332
2560 0.01700115203857422
2570 0.01500082015991211
2580 0.015003681182861328
2590 0.01600027084350586
2600 0.017001867294311523
2610 0.021999835968017578
2620 0.018002033233642578
2630 0.017000436782836914
2640 0.016001462936401367
2650 0.018001317977905273
2660 0.015001773834228516
2670 0.020001888275146484
2680 0.015001058578491211
2690 0.015000343322753906
2700 0.014000892639160156
2710 0.018001317977905273
2720 0.015002250671386719
2730 0.015999317169189453
2740 0.01500248908996582
2750 0.015001296997070312
2760 0.020004749298095703
2770 0.01999831199645996
2780 0.020002126693725586
2790 0.021000146865844727
2800 0.01700139045715332
2810 0.018003225326538086
2820 0.02100086212158203
2830 0.02200150489807129
2840 0.023001909255981445
2850 0.018994808197021484
2860 0.02000141143798828
2870 0.018001317977905273
2880 0.023001909255981445
2890 0.02000141143798828
2900 0.020001649856567383
2910 0.021001338958740234
2920 0.02200174331665039
2930 0.01700139045715332
2940 0.023001670837402344
2950 0.022002458572387695
2960 0.019001007080078125
2970 0.018001794815063477
2980 0.023004770278930664
2990 0.02500462532043457
3000 0.024999380111694336
3010 0.019001007080078125
3020 0.019002199172973633
3030 0.015999794006347656
3040 0.01600170135498047
3050 0.007123708724975586
3060 0.03125476837158203
3070 0.01562976837158203
3080 0.01562976837158203
3090 0.03125929832458496
3100 0.015630722045898438
3110 0.015629053115844727
3120 0.031258583068847656
3130 0.015633583068847656
3140 0.015627145767211914
3150 0.03125953674316406
3160 0.015630006790161133
3170 0.02314162254333496
3180 0.02141427993774414
3190 0.023002147674560547
3200 0.0240023136138916
3210 0.022001266479492188
3220 0.02300238609313965
3230 0.02200007438659668
3240 0.021479129791259766
3250 0.01799464225769043
3260 0.01541590690612793
3270 0.024635791778564453
3280 0.02100205421447754
3290 0.02900242805480957
3300 0.023339271545410156
3310 0.023058414459228516
3320 0.031001567840576172
3330 0.031006813049316406
3340 0.027995586395263672
3350 0.02200937271118164
3360 0.020996809005737305
3370 0.013085126876831055
3380 0.03125882148742676
3390 0.03125905990600586
3400 0.015631437301635742
3410 0.03125882148742676
3420 0.01562976837158203
3430 0.03689432144165039
3440 0.03100299835205078
3450 0.028001785278320312
3460 0.026001930236816406
3470 0.025002002716064453
3480 0.021001100540161133
3490 0.020979642868041992
3500 0.020090579986572266
3510 0.019001245498657227
3520 0.011911869049072266
3530 0.015624761581420898
3540 0.03126049041748047
3550 0.01562976837158203
3560 0.015628814697265625
3570 0.03126263618469238
3580 0.015628576278686523
3590 0.031258344650268555
3600 0.02682328224182129
3610 0.026998519897460938
3620 0.021998882293701172
3630 0.020005464553833008
3640 0.02299785614013672
3650 0.02500295639038086
3660 0.017052412033081055
3670 0.03376960754394531
3680 0.015627384185791016
3690 0.034056663513183594
3700 0.015627145767211914
3710 0.03125929832458496
3720 0.03897714614868164
3730 0.029999971389770508
3740 0.03300189971923828
3750 0.0260009765625
3760 0.033000946044921875
3770 0.0260012149810791
3780 0.014408588409423828
3790 0.03125596046447754
3800 0.031259775161743164
3810 0.036622047424316406
3820 0.034003257751464844
3830 0.031000614166259766
3840 0.027004480361938477
3850 0.029999971389770508
3860 0.022002220153808594
3870 0.023001670837402344
3880 0.016657352447509766
3890 0.02078390121459961
3900 0.03125500679016113
3910 0.032686710357666016
3920 0.02400064468383789
3930 0.02373981475830078
3940 0.025003910064697266
3950 0.028005599975585938
3960 0.03200101852416992
3970 0.031000375747680664
3980 0.024002552032470703
3990 0.022000789642333984
4000 0.02500176429748535
4010 0.0240018367767334
4020 0.027004241943359375
4030 0.03600144386291504
4040 0.03200125694274902
4050 0.027236223220825195
4060 0.04255247116088867
4070 0.034003257751464844
4080 0.07565093040466309
4090 0.0302276611328125
4100 0.031255245208740234
4110 0.03126072883605957
4120 0.03126096725463867
4130 0.015625715255737305
4140 0.04854321479797363
4150 0.036002159118652344
4160 0.03100442886352539
4170 0.02413773536682129
4180 0.039563894271850586
4190 0.025708436965942383
4200 0.03125882148742676
4210 0.015630245208740234
4220 0.03125953674316406
4230 0.031260013580322266
4240 0.01562952995300293
4250 0.03126025199890137
4260 0.03479623794555664
4270 0.02700328826904297
4280 0.03100132942199707
4290 0.04000377655029297
4300 0.03500199317932129
4310 0.024703264236450195
4320 0.03125953674316406
4330 0.03126406669616699
4340 0.03435850143432617
4350 0.021130800247192383
4360 0.04656100273132324
4370 0.033203840255737305
4380 0.028997182846069336
4390 0.024037837982177734
4400 0.015624284744262695
4410 0.03350496292114258
4420 0.04196333885192871
4430 0.032000064849853516
4440 0.031002283096313477
4450 0.024001598358154297
4460 0.033002614974975586
4470 0.04000282287597656
4480 0.04300355911254883
4490 0.03700423240661621
4500 0.043001651763916016
4510 0.03400230407714844
4520 0.030002117156982422
4530 0.028656482696533203
4540 0.027002334594726562
4550 0.035003662109375
4560 0.030001163482666016
4570 0.026001691818237305
4580 0.030002355575561523
4590 0.02900218963623047
4600 0.031002283096313477
4610 0.027002573013305664
4620 0.02800130844116211
4630 0.0293731689453125
4640 0.01669025421142578
4650 0.0468907356262207
4660 0.03704357147216797
4670 0.0330047607421875
4680 0.03800058364868164
4690 0.03000330924987793
4700 0.030001163482666016
4710 0.03400158882141113
4720 0.03800320625305176
4730 0.047005414962768555
4740 0.043001651763916016
4750 0.0370028018951416
4760 0.033002376556396484
4770 0.03300213813781738
4780 0.03300333023071289
4790 0.031002283096313477
4800 0.030002355575561523
4810 0.031002044677734375
4820 0.028002023696899414
4830 0.02900242805480957
4840 0.033002376556396484
4850 0.037003517150878906
4860 0.031001806259155273
4870 0.03300333023071289
4880 0.026001691818237305
4890 0.030001401901245117
4900 0.03400278091430664
4910 0.03100299835205078
4920 0.040003061294555664
4930 0.03400421142578125
4940 0.03900551795959473
4950 0.03699803352355957
4960 0.02604198455810547
4970 0.03126049041748047
4980 0.05503702163696289
4990 0.02900242805480957
