10 0.0
20 0.0
30 0.0
40 0.0
50 0.0
60 0.0
70 0.0
80 0.0
90 0.0
100 0.0
110 0.0
120 0.0
130 0.0
140 0.015432119369506836
150 0.0
160 0.0
170 0.0
180 0.0
190 0.0
200 0.01580023765563965
210 0.0
220 0.0
230 0.01568889617919922
240 0.0
250 0.015402555465698242
260 0.018898963928222656
270 0.008239030838012695
280 0.008008241653442383
290 0.023972034454345703
300 0.008020639419555664
310 0.02425074577331543
320 0.01580023765563965
330 0.016208171844482422
340 0.007996082305908203
350 0.015551567077636719
360 0.016011476516723633
370 0.016250133514404297
380 0.016211986541748047
390 0.02378249168395996
400 0.016213417053222656
410 0.00916743278503418
420 0.03188657760620117
430 0.015263557434082031
440 0.031222105026245117
450 0.03127741813659668
460 0.03137564659118652
470 0.03566169738769531
480 0.031249046325683594
490 0.031256914138793945
500 0.03125572204589844
510 0.04744601249694824
520 0.04026508331298828
530 0.03201866149902344
540 0.03999471664428711
550 0.03201150894165039
560 0.0400235652923584
570 0.03970670700073242
580 0.04922151565551758
590 0.03333783149719238
600 0.04800248146057129
610 0.039481163024902344
620 0.048018455505371094
630 0.04828453063964844
640 0.0664675235748291
650 0.05709552764892578
660 0.06401848793029785
670 0.056008100509643555
680 0.054659366607666016
690 0.0730745792388916
700 0.06375002861022949
710 0.07815361022949219
720 0.09377264976501465
730 0.08708500862121582
740 0.0709841251373291
750 0.06251907348632812
760 0.09377741813659668
770 0.10940766334533691
780 0.07814764976501465
790 0.07814884185791016
800 0.06252002716064453
810 0.0966033935546875
820 0.10940718650817871
830 0.0937802791595459
840 0.07815170288085938
850 0.09377264976501465
860 0.09379267692565918
870 0.10389947891235352
880 0.10956978797912598
890 0.09359192848205566
900 0.0938253402709961
910 0.11237955093383789
920 0.10939383506774902
930 0.10940217971801758
940 0.10940003395080566
950 0.12682795524597168
960 0.1256721019744873
970 0.10878205299377441
980 0.10938358306884766
990 0.1250591278076172
1000 0.1331796646118164
1010 0.14065766334533691
1020 0.14065837860107422
1030 0.12708187103271484
1040 0.11969757080078125
1050 0.12534594535827637
1060 0.14035701751708984
1070 0.14066243171691895
1080 0.15968012809753418
1090 0.15628433227539062
1100 0.14261317253112793
1110 0.14085721969604492
1120 0.16131162643432617
1130 0.1407005786895752
1140 0.17951297760009766
1150 0.18737006187438965
1160 0.1719520092010498
1170 0.1615278720855713
1180 0.17277932167053223
1190 0.15628767013549805
1200 0.20299935340881348
1210 0.20318889617919922
1220 0.18755197525024414
1230 0.17194533348083496
1240 0.1875464916229248
1250 0.20085954666137695
1260 0.20318913459777832
1270 0.21881628036499023
1280 0.19795489311218262
1290 0.23279404640197754
1300 0.22481155395507812
1310 0.334287166595459
1320 0.3360769748687744
1330 0.30137014389038086
1340 0.29944443702697754
1350 0.30282020568847656
1360 0.3535957336425781
1370 0.3191514015197754
1380 0.32857298851013184
1390 0.26845240592956543
1400 0.2988302707672119
1410 0.32269978523254395
1420 0.2472066879272461
1430 0.25830817222595215
1440 0.2969655990600586
1450 0.25869274139404297
1460 0.31242823600769043
1470 0.2969648838043213
1480 0.26570606231689453
1490 0.2969658374786377
1500 0.3125944137573242
1510 0.2657053470611572
1520 0.26572489738464355
1530 0.3125760555267334
1540 0.3125944137573242
1550 0.2964003086090088
1560 0.3125755786895752
1570 0.32822489738464355
1580 0.32822513580322266
1590 0.2969644069671631
1600 0.32210588455200195
1610 0.32822418212890625
1620 0.3125948905944824
1630 0.37511563301086426
1640 0.3438529968261719
1650 0.32822513580322266
1660 0.3594844341278076
1670 0.37511396408081055
1680 0.3440847396850586
1690 0.39051389694213867
1700 0.34386706352233887
1710 0.35947275161743164
1720 0.37511467933654785
1730 0.43752384185791016
1740 0.453263521194458
1750 0.5157802104949951
1760 0.42200446128845215
1770 0.4063713550567627
1780 0.42200636863708496
1790 0.4532604217529297
1800 0.4376349449157715
1810 0.43763232231140137
1820 0.5157818794250488
1830 0.4532630443572998
1840 0.4220006465911865
1850 0.4845254421234131
1860 0.42200136184692383
1870 0.5157835483551025
1880 0.4532604217529297
1890 0.46889424324035645
1900 0.4532623291015625
1910 0.4532628059387207
1920 0.5001518726348877
1930 0.4532661437988281
1940 0.5001473426818848
1950 0.4532642364501953
1960 0.5314121246337891
1970 0.4688913822174072
1980 0.5314126014709473
1990 0.4532814025878906
2000 0.5626521110534668
2010 0.5001764297485352
2020 0.5470175743103027
2030 0.48452329635620117
2040 0.5470402240753174
2050 0.5157811641693115
2060 0.5783002376556396
2070 0.5470418930053711
2080 0.5394227504730225
2090 0.5314137935638428
2100 0.5626676082611084
2110 0.5626711845397949
2120 0.5626707077026367
2130 0.5470418930053711
2140 0.5470407009124756
2150 0.547041654586792
2160 0.5783023834228516
2170 0.6877079010009766
2180 0.593930721282959
2190 0.6564488410949707
2200 0.7346017360687256
2210 0.7814862728118896
2220 0.6408188343048096
2230 0.6564486026763916
2240 0.73459792137146
2250 0.6564719676971436
2260 0.6408178806304932
2270 0.6900532245635986
2280 0.6934711933135986
2290 0.7007520198822021
2300 0.7329063415527344
2310 0.7085909843444824
2320 0.7189695835113525
2330 0.7189676761627197
2340 0.7403879165649414
2350 0.7335555553436279
2360 0.703359842300415
2370 0.7345767021179199
2380 0.7971179485321045
2390 0.7189695835113525
2400 0.7189867496490479
2410 0.7658381462097168
2420 0.7577474117279053
2430 0.7345974445343018
2440 0.765857458114624
2450 0.8440072536468506
2460 0.8440067768096924
2470 0.797119140625
2480 0.8283741474151611
2490 0.8283777236938477
2500 0.9221551418304443
2510 0.7658767700195312
2520 0.8283576965332031
2530 0.8565366268157959
2540 0.7971160411834717
2550 0.828376293182373
2560 0.8286874294281006
2570 0.8280861377716064
2580 0.8596184253692627
2590 0.8752646446228027
2600 0.8908963203430176
2610 0.8908953666687012
2620 0.9377844333648682
2630 0.8596384525299072
2640 0.8596346378326416
2650 0.9534149169921875
2660 0.9536523818969727
2670 0.9531760215759277
2680 1.0471947193145752
2690 1.0472064018249512
2700 1.0471806526184082
2710 0.9690470695495605
2720 1.0940806865692139
2730 1.0784530639648438
2740 1.0003223419189453
2750 1.0940637588500977
2760 1.0315656661987305
2770 1.0315608978271484
2780 1.0159351825714111
2790 1.00030517578125
2800 1.0315630435943604
2810 1.062821626663208
2820 1.0315663814544678
2830 1.031564474105835
2840 1.0315601825714111
2850 1.1253440380096436
2860 1.0784504413604736
2870 1.1097335815429688
2880 1.1409518718719482
2890 1.1566054821014404
2900 1.1409683227539062
2910 1.1878607273101807
2920 1.1722328662872314
2930 1.1409704685211182
2940 1.1409704685211182
2950 1.1097135543823242
2960 1.14097261428833
2970 1.1253595352172852
2980 1.1722147464752197
2990 1.2034902572631836
3000 1.2034907341003418
3010 1.2200229167938232
3020 1.203491449356079
3030 1.2110099792480469
3040 1.2816393375396729
3050 1.2972700595855713
3060 1.2660105228424072
3070 1.3285274505615234
3080 1.2347519397735596
3090 1.2503783702850342
3100 1.2347559928894043
3110 1.2191178798675537
3120 1.2034926414489746
3130 1.3128941059112549
3140 1.2503812313079834
3150 1.2816393375396729
3160 1.2972698211669922
3170 1.359787940979004
3180 1.4691970348358154
3190 1.4066789150238037
3200 1.4223072528839111
3210 1.46919584274292
3220 1.40667724609375
3230 1.437938928604126
3240 1.500476360321045
3250 1.4222874641418457
3260 1.437934398651123
3270 1.5786070823669434
3280 1.5473434925079346
3290 1.6723849773406982
3300 1.6411240100860596
3310 1.6880123615264893
3320 1.5319480895996094
3330 1.5471131801605225
3340 1.5786058902740479
3350 1.520916223526001
3360 1.657153844833374
3370 1.5004544258117676
3380 1.621880054473877
3390 1.5004546642303467
3400 1.5942344665527344
3410 1.5942368507385254
3420 1.5629732608795166
3430 1.6411230564117432
3440 1.5235981941223145
3450 1.6098628044128418
3460 1.6567561626434326
3470 1.5786023139953613
3480 1.5786058902740479
3490 1.5942344665527344
3500 1.7036445140838623
3510 1.625492811203003
3520 1.5629768371582031
3530 1.641122817993164
3540 1.6723840236663818
3550 1.7505311965942383
3560 1.719273328781128
3570 1.688014030456543
3580 1.859940767288208
3590 1.8443102836608887
3600 1.781792402267456
3610 1.8022150993347168
3620 2.017463207244873
3630 1.7974212169647217
3640 1.7192726135253906
3650 1.8769598007202148
3660 1.8286795616149902
3670 2.2975754737854004
3680 2.000607967376709
3690 1.9836311340332031
3700 1.8911809921264648
3710 1.8599588871002197
3720 1.9537196159362793
3730 1.9380698204040527
3740 1.8912007808685303
3750 1.9380898475646973
3760 2.0318667888641357
3770 1.9299747943878174
3780 1.8599379062652588
3790 1.9380886554718018
3800 1.9849796295166016
3810 1.8755686283111572
3820 1.9224600791931152
3830 1.9224798679351807
3840 2.01621675491333
3850 2.047497510910034
3860 1.9693491458892822
3870 2.078758478164673
3880 2.0943849086761475
3890 2.0318682193756104
3900 2.111030340194702
3910 2.0610175132751465
3920 2.016254186630249
3930 2.047480821609497
3940 2.01623797416687
3950 2.0943856239318848
3960 2.078758478164673
3970 2.016240119934082
3980 2.1569042205810547
3990 2.250683069229126
4000 2.2975759506225586
4010 2.391352653503418
4020 2.2507057189941406
4030 2.9101192951202393
4040 2.8602473735809326
4050 3.1022047996520996
4060 2.8915042877197266
4070 3.110321521759033
4080 3.735511302947998
4090 3.313504934310913
4100 3.6143665313720703
4110 3.3291375637054443
4120 3.6417312622070312
4130 3.516693353652954
4140 3.704251289367676
4150 2.9696526527404785
4160 3.2822482585906982
4170 3.20409893989563
4180 3.000913381576538
4190 3.1572093963623047
4200 2.854041576385498
4210 3.232259750366211
4220 3.0762903690338135
4230 2.7195751667022705
4240 2.9771711826324463
4250 2.87587833404541
4260 2.8894107341766357
4270 2.750833511352539
4280 2.9383931159973145
4290 2.8602445125579834
4300 3.000910520553589
4310 2.9852840900421143
4320 2.9852826595306396
4330 2.8602466583251953
4340 3.204097270965576
4350 3.016542434692383
4360 2.9852826595306396
4370 2.969653367996216
4380 2.9540233612060547
4390 3.0946898460388184
4400 3.1103203296661377
4410 2.969653367996216
4420 3.1268539428710938
4430 3.407285451889038
4440 3.394923448562622
4450 3.0387258529663086
4460 3.1780831813812256
4470 2.930933713912964
4480 3.393277168273926
4490 2.8661606311798096
4500 2.9369900226593018
4510 2.9326634407043457
4520 3.0488405227661133
4530 2.984015464782715
4540 3.0453672409057617
4550 3.3228697776794434
4560 3.02502703666687
4570 3.1179940700531006
4580 2.9657135009765625
4590 3.1434473991394043
4600 3.1246182918548584
4610 3.1824495792388916
4620 2.994626522064209
4630 2.9938457012176514
4640 3.091794490814209
4650 3.3553626537323
4660 3.1300575733184814
4670 3.02425217628479
4680 3.059607982635498
4690 3.070885419845581
4700 3.1978299617767334
4710 3.26043438911438
4720 3.2603509426116943
4730 3.2526938915252686
4740 3.222126007080078
4750 3.1823253631591797
4760 3.187777280807495
4770 3.3096213340759277
4780 3.3155617713928223
4790 3.465843915939331
4800 3.5081610679626465
4810 3.2050905227661133
4820 3.2703490257263184
4830 3.339264392852783
4840 3.264148235321045
4850 3.6875054836273193
4860 3.6220552921295166
4870 3.2334365844726562
4880 3.2609975337982178
4890 3.7310726642608643
4900 3.730938196182251
4910 3.896646499633789
4920 3.7206997871398926
4930 3.419391393661499
4940 3.419811964035034
4950 3.5695650577545166
4960 3.348921775817871
4970 3.64871883392334
4980 4.459031343460083
4990 4.373330354690552
