10 0.0
20 0.0
30 0.0
40 0.0
50 0.0
60 0.0
70 0.0
80 0.0
90 0.015439748764038086
100 0.0
110 0.0
120 0.0
130 0.0
140 0.01564168930053711
150 0.0
160 0.0
170 0.015758514404296875
180 0.0
190 0.015485286712646484
200 0.015665769577026367
210 0.0
220 0.023281335830688477
230 0.016217470169067383
240 0.0160219669342041
250 0.023789405822753906
260 0.02401256561279297
270 0.015821218490600586
280 0.015884876251220703
290 0.015762805938720703
300 0.015465259552001953
310 0.03136277198791504
320 0.015531301498413086
330 0.031258344650268555
340 0.031264543533325195
350 0.031554460525512695
360 0.031004905700683594
370 0.031206130981445312
380 0.031052827835083008
390 0.03147125244140625
400 0.06255745887756348
410 0.03140974044799805
420 0.04673266410827637
430 0.0472562313079834
440 0.04849600791931152
450 0.046880245208740234
460 0.0528111457824707
470 0.04712271690368652
480 0.07814407348632812
490 0.07815337181091309
500 0.09377503395080566
510 0.08249139785766602
520 0.06251740455627441
530 0.09052157402038574
540 0.0675821304321289
550 0.07837724685668945
560 0.0939474105834961
570 0.09360289573669434
580 0.08999133110046387
590 0.07815265655517578
600 0.10144424438476562
610 0.09523320198059082
620 0.12505698204040527
630 0.10940957069396973
640 0.09399008750915527
650 0.10940313339233398
660 0.10920166969299316
670 0.1094062328338623
680 0.10941004753112793
690 0.1253373622894287
700 0.12052488327026367
710 0.17127323150634766
720 0.1562943458557129
730 0.12525057792663574
740 0.14353060722351074
750 0.14033937454223633
760 0.14087605476379395
770 0.15553951263427734
780 0.18771982192993164
790 0.18738317489624023
800 0.14067769050598145
810 0.17191624641418457
820 0.18224215507507324
830 0.16356444358825684
840 0.1954364776611328
850 0.17387127876281738
860 0.20312261581420898
870 0.17193365097045898
880 0.19994330406188965
890 0.21843218803405762
900 0.20318317413330078
910 0.20340442657470703
920 0.2188107967376709
930 0.20337128639221191
940 0.25211071968078613
950 0.22104811668395996
960 0.23868107795715332
970 0.21438050270080566
980 0.2671949863433838
990 0.22258210182189941
1000 0.2659578323364258
1010 0.27224159240722656
1020 0.2711062431335449
1030 0.25028300285339355
1040 0.2661561965942383
1050 0.2983062267303467
1060 0.28701019287109375
1070 0.3126041889190674
1080 0.28826236724853516
1090 0.32806897163391113
1100 0.29935669898986816
1110 0.29683804512023926
1120 0.38286638259887695
1130 0.3125910758972168
1140 0.3440895080566406
1150 0.3515448570251465
1160 0.3471994400024414
1170 0.3907485008239746
1180 0.359452486038208
1190 0.37511253356933594
1200 0.3508296012878418
1210 0.37535619735717773
1220 0.3768346309661865
1230 0.4784257411956787
1240 0.45358824729919434
1250 0.417461633682251
1260 0.4219980239868164
1270 0.48031163215637207
1280 0.4219999313354492
1290 0.4710841178894043
1300 0.4693753719329834
1310 0.4616243839263916
1320 0.5102252960205078
1330 0.48430323600769043
1340 0.482485294342041
1350 0.46900296211242676
1360 0.5141839981079102
1370 0.46912479400634766
1380 0.5121338367462158
1390 0.5198104381561279
1400 0.5340621471405029
1410 0.5035028457641602
1420 0.5314021110534668
1430 0.515779972076416
1440 0.59261155128479
1450 0.5558719635009766
1460 0.5624537467956543
1470 0.6104674339294434
1480 0.7184841632843018
1490 0.725872278213501
1500 0.7033441066741943
1510 0.595400333404541
1520 0.7165536880493164
1530 0.7096478939056396
1540 0.8454194068908691
1550 0.6408190727233887
1560 0.6701107025146484
1570 0.6567645072937012
1580 0.694777250289917
1590 0.7514247894287109
1600 0.6550271511077881
1610 0.7348253726959229
1620 0.7076828479766846
1630 0.6611404418945312
1640 0.7564496994018555
1650 0.796208381652832
1660 0.7485721111297607
1670 0.7498226165771484
1680 0.7676920890808105
1690 0.7491772174835205
1700 0.8344790935516357
1710 0.7628583908081055
1720 0.7710168361663818
1730 0.7737841606140137
1740 0.8156688213348389
1750 0.9020955562591553
1760 0.7942523956298828
1770 0.7926220893859863
1780 0.8136224746704102
1790 0.9968469142913818
1800 0.9223628044128418
1810 0.8462138175964355
1820 0.8846249580383301
1830 0.8597555160522461
1840 1.1909735202789307
1850 0.9207189083099365
1860 0.8591432571411133
1870 0.9022204875946045
1880 0.985358715057373
1890 1.0226926803588867
1900 1.0354578495025635
1910 1.0444896221160889
1920 0.9710025787353516
1930 1.0116965770721436
1940 1.0444552898406982
1950 1.303173542022705
1960 1.2228212356567383
1970 1.0347270965576172
1980 1.0757989883422852
1990 1.346792459487915
2000 1.4379897117614746
2010 1.1108131408691406
2020 1.115955114364624
2030 1.0994553565979004
2040 1.1571993827819824
2050 1.101301908493042
2060 1.2495596408843994
2070 1.2426505088806152
2080 1.1982715129852295
2090 1.5233635902404785
2100 1.3483076095581055
2110 1.4381582736968994
2120 1.3379769325256348
2130 1.5358877182006836
2140 1.3513538837432861
2150 1.609832525253296
2160 1.3440825939178467
2170 1.4311883449554443
2180 1.3368029594421387
2190 1.594233512878418
2200 1.330472469329834
2210 1.302185297012329
2220 1.3591904640197754
2230 1.4084999561309814
2240 1.4880695343017578
2250 1.4188406467437744
2260 1.3929812908172607
2270 1.371549367904663
2280 1.3977530002593994
2290 1.421834945678711
2300 1.3546903133392334
2310 1.4314744472503662
2320 1.4184610843658447
2330 1.5747830867767334
2340 1.6778013706207275
2350 1.7141237258911133
2360 1.513878583908081
2370 1.5519936084747314
2380 1.6056983470916748
2390 1.6476919651031494
2400 1.9246571063995361
2410 1.7218177318572998
2420 1.8761801719665527
2430 1.7454743385314941
2440 1.8108890056610107
2450 1.8949735164642334
2460 1.9863734245300293
2470 1.7446377277374268
2480 2.1858229637145996
2490 1.9358582496643066
2500 2.4295713901519775
2510 2.135643720626831
2520 1.7583401203155518
2530 1.8055996894836426
2540 1.7414429187774658
2550 1.8488638401031494
2560 2.128087282180786
2570 1.865180253982544
2580 1.8316879272460938
2590 1.81959867477417
2600 1.879883050918579
2610 2.03812575340271
2620 1.9185142517089844
2630 1.9188358783721924
2640 1.98799729347229
2650 1.9165070056915283
2660 1.9357447624206543
2670 2.045201539993286
2680 1.969336748123169
2690 2.06455659866333
2700 1.9601249694824219
2710 2.201789617538452
2720 2.53117036819458
2730 2.1832704544067383
2740 2.0268614292144775
2750 2.1362736225128174
2760 2.071150779724121
2770 2.1326053142547607
2780 2.167328357696533
2790 2.3162660598754883
2800 2.1047189235687256
2810 2.0047848224639893
2820 2.253621816635132
2830 2.16390061378479
2840 2.2014644145965576
2850 2.078450918197632
2860 2.3132784366607666
2870 2.760442018508911
2880 2.432075262069702
2890 2.6007778644561768
2900 2.5233638286590576
2910 2.5731685161590576
2920 2.6708152294158936
2930 2.804852247238159
2940 2.664802312850952
2950 2.3966763019561768
2960 2.4277350902557373
2970 2.436002492904663
2980 2.726417064666748
2990 2.4297268390655518
3000 3.13126277923584
3010 2.4849026203155518
3020 2.4225008487701416
3030 2.5152297019958496
3040 2.4446728229522705
3050 2.51591157913208
3060 2.52463436126709
3070 2.601897954940796
3080 2.680227041244507
3090 2.7741339206695557
3100 2.8014097213745117
3110 2.6231958866119385
3120 2.699526071548462
3130 2.8022687435150146
3140 2.6692092418670654
3150 2.6837167739868164
3160 2.649641990661621
3170 2.7992818355560303
3180 2.889831781387329
3190 2.7589831352233887
3200 2.925117015838623
3210 2.8613498210906982
3220 2.7900946140289307
3230 2.778871536254883
3240 2.8235158920288086
3250 2.8943521976470947
3260 3.1113390922546387
3270 3.044151544570923
3280 3.0139389038085938
3290 2.939116954803467
3300 3.0005602836608887
3310 3.038349151611328
3320 3.333679437637329
3330 3.1154544353485107
3340 3.0942676067352295
3350 3.1088666915893555
3360 3.056107759475708
3370 3.091207981109619
3380 3.1186718940734863
3390 3.098680257797241
3400 3.1394779682159424
3410 3.2348508834838867
3420 3.1453826427459717
3430 3.252027750015259
3440 3.3617584705352783
3450 3.414695978164673
3460 3.282837152481079
3470 3.317919969558716
3480 3.4151484966278076
3490 3.3478477001190186
3500 3.446134567260742
3510 3.4636905193328857
3520 3.8833019733428955
3530 3.4134044647216797
3540 3.546891450881958
3550 3.668874979019165
3560 3.5441198348999023
3570 3.4625444412231445
3580 3.6176817417144775
3590 3.8534746170043945
3600 3.9098708629608154
3610 3.673821210861206
3620 3.87996244430542
3630 3.9373624324798584
3640 4.125711917877197
3650 4.558610200881958
3660 3.732767343521118
3670 3.7797815799713135
3680 3.792630434036255
3690 3.966485023498535
3700 4.0625410079956055
3710 3.837432384490967
3720 3.6801366806030273
3730 3.746523380279541
3740 3.793337106704712
3750 3.7443687915802
3760 3.8736846446990967
3770 3.856111526489258
3780 4.004963159561157
3790 4.2861926555633545
3800 3.9784975051879883
3810 3.9224178791046143
3820 3.9628593921661377
3830 3.9383864402770996
3840 4.085356712341309
3850 3.9753801822662354
3860 4.365708589553833
3870 4.309529781341553
3880 4.044094085693359
3890 4.180933237075806
3900 4.127261638641357
3910 4.30449914932251
3920 4.128798484802246
3930 4.383702039718628
3940 4.247870445251465
3950 4.182859420776367
3960 4.4464757442474365
3970 4.3554980754852295
3980 4.44495415687561
3990 4.303675651550293
4000 4.541648626327515
4010 4.840407371520996
4020 4.562303781509399
4030 4.4352710247039795
4040 5.336911916732788
4050 4.447555780410767
4060 4.490035057067871
4070 4.7183332443237305
4080 4.471542119979858
4090 4.736050605773926
4100 5.32152533531189
4110 5.313359260559082
4120 5.614130020141602
4130 5.215916395187378
4140 5.712709903717041
4150 6.424416542053223
4160 5.333904504776001
4170 4.872122764587402
4180 5.318542718887329
4190 5.1476686000823975
4200 5.02227520942688
4210 5.045195817947388
4220 5.011921167373657
4230 5.082509994506836
4240 4.98103666305542
4250 5.05072283744812
4260 5.063356637954712
4270 5.1743011474609375
4280 5.203420877456665
4290 5.209243297576904
4300 5.140548229217529
4310 5.246751546859741
4320 5.204893112182617
4330 5.454736948013306
4340 5.2530717849731445
4350 5.193654298782349
4360 5.3028724193573
4370 5.334498405456543
4380 5.311635255813599
4390 5.747032642364502
4400 5.524466037750244
4410 5.376251935958862
4420 5.409904956817627
4430 5.543364763259888
4440 5.430648326873779
4450 5.57501220703125
4460 5.551517009735107
4470 5.527224063873291
4480 5.590158224105835
4490 5.5924599170684814
4500 5.606711387634277
4510 5.773116827011108
4520 6.008023977279663
4530 5.721271991729736
4540 5.812020778656006
4550 5.728972434997559
4560 5.606738567352295
4570 5.71233868598938
4580 5.96781587600708
4590 5.7976462841033936
4600 5.765168905258179
4610 5.77922797203064
4620 6.427260160446167
4630 6.715548753738403
4640 5.846036911010742
4650 5.903299570083618
4660 5.955026626586914
4670 6.076324939727783
4680 6.560425043106079
4690 6.153290510177612
4700 6.35488486289978
4710 6.526719331741333
4720 6.161663055419922
4730 6.341566801071167
4740 6.332740783691406
4750 6.242953300476074
4760 6.241082191467285
4770 6.361121892929077
4780 6.309949636459351
4790 6.243066787719727
4800 6.231264591217041
4810 6.314412355422974
4820 6.1858086585998535
4830 6.4967310428619385
4840 6.863933563232422
4850 6.568613767623901
4860 6.868950128555298
4870 7.378573656082153
4880 6.5425262451171875
4890 6.55161190032959
4900 6.576637506484985
4910 6.662217855453491
4920 6.545283079147339
4930 6.6120946407318115
4940 7.14832615852356
4950 6.937127590179443
4960 7.076889991760254
4970 7.80534029006958
4980 7.838166236877441
4990 6.682657957077026
