10 0.0
20 0.0
30 0.0
40 0.0
50 0.0010008811950683594
60 0.0
70 0.00099945068359375
80 0.0
90 0.001001119613647461
100 0.00099945068359375
110 0.0
120 0.0010006427764892578
130 0.0009970664978027344
140 0.0010027885437011719
150 0.0009989738464355469
160 0.0010006427764892578
170 0.00099945068359375
180 0.0009989738464355469
190 0.0009996891021728516
200 0.0010001659393310547
210 0.0010018348693847656
220 0.0009999275207519531
230 0.002001523971557617
240 0.0019998550415039062
250 0.0009984970092773438
260 0.002001047134399414
270 0.0009987354278564453
280 0.0020017623901367188
290 0.0019989013671875
300 0.0020020008087158203
310 0.002000093460083008
320 0.0029990673065185547
330 0.002001523971557617
340 0.0019986629486083984
350 0.003000020980834961
360 0.002000093460083008
370 0.0020003318786621094
380 0.0030012130737304688
390 0.0030002593994140625
400 0.0030007362365722656
410 0.0019998550415039062
420 0.002998828887939453
430 0.0029993057250976562
440 0.002000570297241211
450 0.003000020980834961
460 0.0030014514923095703
470 0.0029990673065185547
480 0.005002021789550781
490 0.00500035285949707
500 0.004001617431640625
510 0.004000425338745117
520 0.005000114440917969
530 0.005000591278076172
540 0.0039975643157958984
550 0.005002498626708984
560 0.003999233245849609
570 0.003997802734375
580 0.005000591278076172
590 0.004001617431640625
600 0.003999233245849609
610 0.005001068115234375
620 0.004998445510864258
630 0.004000425338745117
640 0.004002094268798828
650 0.004998683929443359
660 0.0050008296966552734
670 0.005003929138183594
680 0.004997730255126953
690 0.004999637603759766
700 0.0050046443939208984
710 0.0049974918365478516
720 0.00699925422668457
730 0.005010366439819336
740 0.005993843078613281
750 0.0059969425201416016
760 0.007001399993896484
770 0.005999565124511719
780 0.0060007572174072266
790 0.00599980354309082
800 0.006000041961669922
810 0.005001068115234375
820 0.0013821125030517578
830 0.0
840 0.015627384185791016
850 0.0
860 0.0
870 0.015628337860107422
880 0.0
890 0.015630722045898438
900 0.0
910 0.0
920 0.015629053115844727
930 0.01562952995300293
940 0.0
950 0.0
960 0.015629291534423828
970 0.0
980 0.0
990 0.01563096046447754
1000 0.0
1010 0.015629291534423828
1020 0.0
1030 0.015627622604370117
1040 0.0
1050 0.0
1060 0.015629291534423828
1070 0.0
1080 0.015630483627319336
1090 0.014211416244506836
1100 0.008000850677490234
1110 0.008000850677490234
1120 0.0070002079010009766
1130 0.008005142211914062
1140 0.007997989654541016
1150 0.008002519607543945
1160 0.008998394012451172
1170 0.00800180435180664
1180 0.00899958610534668
1190 0.008002042770385742
1200 0.009000539779663086
1210 0.009000301361083984
1220 0.007999897003173828
1230 0.008002758026123047
1240 0.008000373840332031
1250 0.009001493453979492
1260 0.008999824523925781
1270 0.011001825332641602
1280 0.008003950119018555
1290 0.00899958610534668
1300 0.008001565933227539
1310 0.008998870849609375
1320 0.009002447128295898
1330 0.009000778198242188
1340 0.00999903678894043
1350 0.010000228881835938
1360 0.010001182556152344
1370 0.010001420974731445
1380 0.012000322341918945
1390 0.01100301742553711
1400 0.011998653411865234
1410 0.011000633239746094
1420 0.011999130249023438
1430 0.013000726699829102
1440 0.012003421783447266
1450 0.013000011444091797
1460 0.01800084114074707
1470 0.014003276824951172
1480 0.013999462127685547
1490 0.014000415802001953
1500 0.018001079559326172
1510 0.015001296997070312
1520 0.01500082015991211
1530 0.013000965118408203
1540 0.011002302169799805
1550 0.012999534606933594
1560 0.015001296997070312
1570 0.013000965118408203
1580 0.016999483108520508
1590 0.014001131057739258
1600 0.015001058578491211
1610 0.015002250671386719
1620 0.014999866485595703
1630 0.015002012252807617
1640 0.01600170135498047
1650 0.018002033233642578
1660 0.01600193977355957
1670 0.016005277633666992
1680 0.016997575759887695
1690 0.014001131057739258
1700 0.013000249862670898
1710 0.01700139045715332
1720 0.012997627258300781
1730 0.016001224517822266
1740 0.013001680374145508
1750 0.016001224517822266
1760 0.014000654220581055
1770 0.012002944946289062
1780 0.012998819351196289
1790 0.014002799987792969
1800 0.013998746871948242
1810 0.013001203536987305
1820 0.014001846313476562
1830 0.014002561569213867
1840 0.013999700546264648
1850 0.015000104904174805
1860 0.014000892639160156
1870 0.020002126693725586
1880 0.01900029182434082
1890 0.016001462936401367
1900 0.018002033233642578
1910 0.01600050926208496
1920 0.019003868103027344
1930 0.017001628875732422
1940 0.017999887466430664
1950 0.017003536224365234
1960 0.015002012252807617
1970 0.014001607894897461
1980 0.013998270034790039
1990 0.015001535415649414
2000 0.018000364303588867
2010 0.014001846313476562
2020 0.015001058578491211
2030 0.0056912899017333984
2040 0.027916669845581055
2050 0.022002220153808594
2060 0.014999151229858398
2070 0.019002676010131836
2080 0.017002105712890625
2090 0.017998695373535156
2100 0.016000986099243164
2110 0.017000675201416016
2120 0.016001224517822266
2130 0.013545513153076172
2140 0.015626192092895508
2150 0.015629291534423828
2160 0.015630006790161133
2170 0.03126072883605957
2180 0.03125929832458496
2190 0.015629291534423828
2200 0.030007362365722656
2210 0.02400374412536621
2220 0.018792152404785156
2230 0.01562976837158203
2240 0.015630722045898438
2250 0.015628337860107422
2260 0.0320429801940918
2270 0.0054035186767578125
2280 0.03125476837158203
2290 0.01563239097595215
2300 0.015629291534423828
2310 0.0316929817199707
2320 0.021996498107910156
2330 0.015627145767211914
2340 0.015629053115844727
2350 0.01562976837158203
2360 0.01562976837158203
2370 0.015628814697265625
2380 0.015630722045898438
2390 0.030167818069458008
2400 0.019000530242919922
2410 0.024004220962524414
2420 0.018412113189697266
2430 0.017000675201416016
2440 0.017245769500732422
2450 0.01999974250793457
2460 0.02700519561767578
2470 0.02299976348876953
2480 0.028002262115478516
2490 0.025002241134643555
2500 0.02500176429748535
2510 0.02500128746032715
2520 0.02000117301940918
2530 0.018000125885009766
2540 0.020001888275146484
2550 0.021001577377319336
2560 0.023002147674560547
2570 0.022001981735229492
2580 0.021000385284423828
2590 0.02300262451171875
2600 0.02700185775756836
2610 0.027002334594726562
2620 0.025001049041748047
2630 0.025000810623168945
2640 0.021001815795898438
2650 0.02700209617614746
2660 0.026002168655395508
2670 0.024001598358154297
2680 0.023002147674560547
2690 0.026001453399658203
2700 0.025002241134643555
2710 0.02500128746032715
2720 0.027002334594726562
2730 0.03200340270996094
2740 0.03200340270996094
2750 0.03199934959411621
2760 0.03400397300720215
2770 0.031001806259155273
2780 0.029001474380493164
2790 0.027004241943359375
2800 0.022000551223754883
2810 0.021001577377319336
2820 0.023001909255981445
2830 0.0240018367767334
2840 0.02856159210205078
2850 0.032007455825805664
2860 0.08900141716003418
2870 0.03800153732299805
2880 0.029001951217651367
2890 0.025002717971801758
2900 0.027002573013305664
2910 0.031000852584838867
2920 0.024003267288208008
2930 0.028001070022583008
2940 0.028002262115478516
2950 0.032004356384277344
2960 0.03100275993347168
2970 0.031000375747680664
2980 0.031002044677734375
2990 0.03100109100341797
3000 0.03200197219848633
3010 0.037004709243774414
3020 0.03500199317932129
3030 0.03500175476074219
3040 0.03399991989135742
3050 0.033005714416503906
3060 0.03599905967712402
3070 0.029006242752075195
3080 0.021999120712280273
3090 0.026003122329711914
3100 0.025000333786010742
3110 0.028004169464111328
3120 0.02800130844116211
3130 0.02700066566467285
3140 0.02700352668762207
3150 0.026000499725341797
3160 0.03200173377990723
3170 0.025002241134643555
3180 0.029005765914916992
3190 0.022998571395874023
3200 0.02300119400024414
3210 0.02700328826904297
3220 0.02800154685974121
3230 0.028001785278320312
3240 0.026004791259765625
3250 0.02700185775756836
3260 0.025999784469604492
3270 0.027003049850463867
3280 0.028001070022583008
3290 0.028002262115478516
3300 0.021079063415527344
3310 0.031256914138793945
3320 0.03125882148742676
3330 0.031258583068847656
3340 0.04688835144042969
3350 0.03126120567321777
3360 0.042449235916137695
3370 0.017751455307006836
3380 0.04733920097351074
3390 0.019512414932250977
3400 0.03125619888305664
3410 0.03125905990600586
3420 0.031259775161743164
3430 0.031258583068847656
3440 0.04778933525085449
3450 0.026000022888183594
3460 0.030002117156982422
3470 0.036626338958740234
3480 0.04688882827758789
3490 0.0468904972076416
3500 0.05728936195373535
3510 0.046885013580322266
3520 0.03125786781311035
3530 0.03855013847351074
3540 0.03125572204589844
3550 0.03125929832458496
3560 0.03703927993774414
3570 0.039903879165649414
3580 0.029001235961914062
3590 0.03100752830505371
3600 0.032996177673339844
3610 0.028002023696899414
3620 0.028002500534057617
3630 0.030002117156982422
3640 0.029218673706054688
3650 0.03212761878967285
3660 0.032370805740356445
3670 0.015628576278686523
3680 0.046889543533325195
3690 0.03864145278930664
3700 0.03333401679992676
3710 0.03126215934753418
3720 0.046889305114746094
3730 0.031256914138793945
3740 0.03931903839111328
3750 0.030002593994140625
3760 0.03318428993225098
3770 0.03800177574157715
3780 0.03800463676452637
3790 0.0370020866394043
3800 0.035002708435058594
3810 0.031165122985839844
3820 0.02627277374267578
3830 0.03125452995300293
3840 0.03125953674316406
3850 0.04192686080932617
3860 0.044005632400512695
3870 0.06100654602050781
3880 0.05500292778015137
3890 0.05700206756591797
3900 0.0412602424621582
3910 0.04287219047546387
3920 0.035003662109375
3930 0.022681474685668945
3940 0.046889305114746094
3950 0.04064822196960449
3960 0.04000234603881836
3970 0.03800201416015625
3980 0.04000258445739746
3990 0.027130603790283203
4000 0.04688525199890137
4010 0.031259775161743164
4020 0.046889543533325195
4030 0.03125786781311035
4040 0.04175591468811035
4050 0.018544673919677734
4060 0.03125405311584473
4070 0.04688882827758789
4080 0.031261444091796875
4090 0.03125762939453125
4100 0.046889543533325195
4110 0.03792595863342285
4120 0.039990901947021484
4130 0.03125762939453125
4140 0.03126025199890137
4150 0.03125882148742676
4160 0.03125953674316406
4170 0.04689383506774902
4180 0.046886444091796875
4190 0.03170943260192871
4200 0.04688525199890137
4210 0.046892404556274414
4220 0.031256914138793945
4230 0.04688763618469238
4240 0.04689168930053711
4250 0.04118967056274414
4260 0.03694510459899902
4270 0.04688906669616699
4280 0.04688668251037598
4290 0.04688835144042969
4300 0.04462385177612305
4310 0.03125309944152832
4320 0.046889305114746094
4330 0.031260013580322266
4340 0.047547340393066406
4350 0.03900146484375
4360 0.0361170768737793
4370 0.031259775161743164
4380 0.03639078140258789
4390 0.0469059944152832
4400 0.031258583068847656
4410 0.031259775161743164
4420 0.04688215255737305
4430 0.04379391670227051
4440 0.046906232833862305
4450 0.04688882827758789
4460 0.0468900203704834
4470 0.04259991645812988
4480 0.04688906669616699
4490 0.03125643730163574
4500 0.03125929832458496
4510 0.04050326347351074
4520 0.04688668251037598
4530 0.03126382827758789
4540 0.04688572883605957
4550 0.041196346282958984
4560 0.03172755241394043
4570 0.04688906669616699
4580 0.04128575325012207
4590 0.03900313377380371
4600 0.04000282287597656
4610 0.031601667404174805
4620 0.03126072883605957
4630 0.03125810623168945
4640 0.054004669189453125
4650 0.03355908393859863
4660 0.03125953674316406
4670 0.04807257652282715
4680 0.0371403694152832
4690 0.0468900203704834
4700 0.06251811981201172
4710 0.046892642974853516
4720 0.03125810623168945
4730 0.0468902587890625
4740 0.04688572883605957
4750 0.04689216613769531
4760 0.040517330169677734
4770 0.046888113021850586
4780 0.05303621292114258
4790 0.04688429832458496
4800 0.03126096725463867
4810 0.046889305114746094
4820 0.04688763618469238
4830 0.046889305114746094
4840 0.03126049041748047
4850 0.046889305114746094
4860 0.046889543533325195
4870 0.031484127044677734
4880 0.05253100395202637
4890 0.03673100471496582
4900 0.05083036422729492
4910 0.03125500679016113
4920 0.046890974044799805
4930 0.0468900203704834
4940 0.0468900203704834
4950 0.046889543533325195
4960 0.04688739776611328
4970 0.0468904972076416
4980 0.046889305114746094
4990 0.04688620567321777
